0.2760 0.6797 0.6551 0.1626 0.1190 
0.2760251 0.6797027 0.6550980 0.1626117 -0.8810023 
0.2760251 0.6797027 0.6550980 0.1626117 -0.8810023 
0.2760251 0.6797027 0.6550980 0.1626117 -0.8810023 
0.2760251 0.6797027 0.6550980 0.1626117 -0.8810023 
0.2760251 0.6797027 0.6550980 0.1626117 -0.8810023 
0.2760251 0.6797027 0.6550980 0.1626117 -0.8810023 
0.2760251 -0.3202973 -0.3449020 0.1626117 -1.8810023 
0.2760251 -0.3202973 -0.3449020 0.1626117 -1.8810023 
0.2760251 -0.3202973 -0.3449020 0.1626117 -1.8810023 
0.2760251 -0.3202973 -0.3449020 0.1626117 -1.8810023 
0.2760251 -0.3202973 -0.3449020 0.1626117 -1.8810023 
0.2760251 -0.3202973 -0.3449020 0.1626117 -1.8810023 
0.2760251 -0.3202973 -0.3449020 0.1626117 -1.8810023 
0.2760251 -0.3202973 -0.3449020 0.1626117 -1.8810023 
0.2760251 -0.3202973 -0.3449020 0.1626117 -1.8810023 
1.2760251 0.6797027 0.6550980 1.1626117 -0.8810023 
1.2760251 0.6797027 0.6550980 1.1626117 -0.8810023 
1.2760251 0.6797027 0.6550980 0.1626117 -1.8810023 
1.2760251 0.6797027 0.6550980 0.1626117 -1.8810023 
1.2760251 0.6797027 0.6550980 0.1626117 -1.8810023 
1.2760251 0.6797027 0.6550980 0.1626117 -1.8810023 
1.2760251 0.6797027 0.6550980 0.1626117 -1.8810023 
1.2760251 0.6797027 0.6550980 0.1626117 -1.8810023 
1.2760251 0.6797027 0.6550980 0.1626117 -1.8810023 
1.2760251 0.6797027 0.6550980 0.1626117 -1.8810023 
1.2760251 0.6797027 0.6550980 0.1626117 -1.8810023 
0.2760251 0.6797027 -0.3449020 0.1626117 -2.8810023 
0.2760251 0.6797027 -0.3449020 0.1626117 -2.8810023 
0.2760251 0.6797027 -0.3449020 0.1626117 -2.8810023 
0.2760251 0.6797027 -0.3449020 0.1626117 -2.8810023 
0.2760251 0.6797027 -0.3449020 0.1626117 -2.8810023 
1.2760251 1.6797027 0.6550980 1.1626117 -1.8810023 
1.2760251 1.6797027 0.6550980 1.1626117 -1.8810023 
1.2760251 1.6797027 0.6550980 1.1626117 -1.8810023 
1.2760251 1.6797027 0.6550980 1.1626117 -1.8810023 
1.2760251 1.6797027 0.6550980 1.1626117 -1.8810023 
1.2760251 1.6797027 0.6550980 1.1626117 -1.8810023 
1.2760251 0.6797027 0.6550980 0.1626117 -2.8810023 
1.2760251 0.6797027 0.6550980 0.1626117 -2.8810023 
1.2760251 0.6797027 0.6550980 0.1626117 -2.8810023 
1.2760251 0.6797027 0.6550980 0.1626117 -2.8810023 
1.2760251 0.6797027 0.6550980 0.1626117 -2.8810023 
1.2760251 0.6797027 0.6550980 0.1626117 -2.8810023 
1.2760251 0.6797027 0.6550980 0.1626117 -2.8810023 
1.2760251 0.6797027 0.6550980 0.1626117 -2.8810023 
1.2760251 0.6797027 0.6550980 0.1626117 -2.8810023 
1.2760251 0.6797027 0.6550980 0.1626117 -2.8810023 
2.2760251 1.6797027 1.6550980 1.1626117 -1.8810023 
2.2760251 1.6797027 1.6550980 1.1626117 -1.8810023 
2.2760251 1.6797027 1.6550980 1.1626117 -1.8810023 
2.2760251 1.6797027 1.6550980 1.1626117 -1.8810023 
2.2760251 1.6797027 0.6550980 0.1626117 -2.8810023 
2.2760251 1.6797027 0.6550980 0.1626117 -2.8810023 
2.2760251 1.6797027 0.6550980 0.1626117 -2.8810023 
2.2760251 1.6797027 0.6550980 0.1626117 -2.8810023 
2.2760251 1.6797027 0.6550980 0.1626117 -2.8810023 
2.2760251 1.6797027 0.6550980 0.1626117 -2.8810023 
2.2760251 1.6797027 0.6550980 0.1626117 -2.8810023 
1.2760251 1.6797027 -0.3449020 0.1626117 -3.8810023 
1.2760251 1.6797027 -0.3449020 0.1626117 -3.8810023 
1.2760251 1.6797027 -0.3449020 0.1626117 -3.8810023 
1.2760251 1.6797027 -0.3449020 0.1626117 -3.8810023 
1.2760251 1.6797027 -0.3449020 0.1626117 -3.8810023 
2.2760251 2.6797027 0.6550980 1.1626117 -2.8810023 
2.2760251 2.6797027 0.6550980 1.1626117 -2.8810023 
2.2760251 2.6797027 0.6550980 1.1626117 -2.8810023 
2.2760251 2.6797027 0.6550980 1.1626117 -2.8810023 
2.2760251 2.6797027 0.6550980 1.1626117 -2.8810023 
2.2760251 2.6797027 0.6550980 1.1626117 -2.8810023 
2.2760251 1.6797027 0.6550980 0.1626117 -3.8810023 
2.2760251 1.6797027 0.6550980 0.1626117 -3.8810023 
2.2760251 1.6797027 0.6550980 0.1626117 -3.8810023 
2.2760251 1.6797027 0.6550980 0.1626117 -3.8810023 
2.2760251 1.6797027 0.6550980 0.1626117 -3.8810023 
2.2760251 1.6797027 0.6550980 0.1626117 -3.8810023 
2.2760251 1.6797027 0.6550980 0.1626117 -3.8810023 
1.2760251 0.6797027 0.6550980 0.1626117 -4.8810023 
1.2760251 0.6797027 0.6550980 0.1626117 -4.8810023 
1.2760251 0.6797027 0.6550980 0.1626117 -4.8810023 
2.2760251 1.6797027 1.6550980 1.1626117 -3.8810023 
2.2760251 1.6797027 1.6550980 1.1626117 -3.8810023 
2.2760251 1.6797027 1.6550980 1.1626117 -3.8810023 
2.2760251 1.6797027 1.6550980 1.1626117 -3.8810023 
2.2760251 1.6797027 1.6550980 1.1626117 -3.8810023 
2.2760251 1.6797027 1.6550980 1.1626117 -3.8810023 
2.2760251 1.6797027 1.6550980 1.1626117 -3.8810023 
2.2760251 1.6797027 1.6550980 1.1626117 -3.8810023 
2.2760251 0.6797027 0.6550980 0.1626117 -4.8810023 
2.2760251 0.6797027 0.6550980 0.1626117 -4.8810023 
2.2760251 0.6797027 0.6550980 0.1626117 -4.8810023 
2.2760251 0.6797027 0.6550980 0.1626117 -4.8810023 
2.2760251 0.6797027 0.6550980 0.1626117 -4.8810023 
2.2760251 0.6797027 0.6550980 0.1626117 -4.8810023 
2.2760251 0.6797027 0.6550980 0.1626117 -4.8810023 
2.2760251 0.6797027 0.6550980 0.1626117 -4.8810023 
3.2760251 1.6797027 1.6550980 1.1626117 -3.8810023 
3.2760251 1.6797027 1.6550980 1.1626117 -3.8810023 
3.2760251 1.6797027 1.6550980 1.1626117 -3.8810023 
3.2760251 1.6797027 1.6550980 1.1626117 -3.8810023 
3.2760251 1.6797027 1.6550980 1.1626117 -3.8810023 
3.2760251 1.6797027 1.6550980 1.1626117 -3.8810023 
3.2760251 1.6797027 1.6550980 1.1626117 -3.8810023 
3.2760251 1.6797027 1.6550980 1.1626117 -3.8810023 
3.2760251 0.6797027 0.6550980 0.1626117 -4.8810023 
3.2760251 0.6797027 0.6550980 0.1626117 -4.8810023 
3.2760251 0.6797027 0.6550980 0.1626117 -4.8810023 
3.2760251 0.6797027 0.6550980 0.1626117 -4.8810023 
3.2760251 0.6797027 0.6550980 0.1626117 -4.8810023 
3.2760251 0.6797027 0.6550980 0.1626117 -4.8810023 
3.2760251 0.6797027 0.6550980 0.1626117 -4.8810023 
3.2760251 0.6797027 0.6550980 0.1626117 -4.8810023 
4.2760251 1.6797027 1.6550980 1.1626117 -3.8810023 
4.2760251 1.6797027 1.6550980 1.1626117 -3.8810023 
4.2760251 1.6797027 1.6550980 1.1626117 -3.8810023 
4.2760251 1.6797027 1.6550980 1.1626117 -3.8810023 
4.2760251 1.6797027 1.6550980 1.1626117 -3.8810023 
4.2760251 1.6797027 1.6550980 1.1626117 -3.8810023 
4.2760251 1.6797027 1.6550980 1.1626117 -3.8810023 
4.2760251 1.6797027 1.6550980 1.1626117 -3.8810023 
4.2760251 0.6797027 0.6550980 0.1626117 -4.8810023 
4.2760251 0.6797027 0.6550980 0.1626117 -4.8810023 
4.2760251 0.6797027 0.6550980 0.1626117 -4.8810023 
3.2760251 0.6797027 -0.3449020 0.1626117 -5.8810023 
3.2760251 0.6797027 -0.3449020 0.1626117 -5.8810023 
3.2760251 0.6797027 -0.3449020 0.1626117 -5.8810023 
3.2760251 0.6797027 -0.3449020 0.1626117 -5.8810023 
3.2760251 0.6797027 -0.3449020 0.1626117 -5.8810023 
4.2760251 1.6797027 0.6550980 1.1626117 -4.8810023 
4.2760251 1.6797027 0.6550980 1.1626117 -4.8810023 
4.2760251 1.6797027 0.6550980 1.1626117 -4.8810023 
4.2760251 1.6797027 0.6550980 1.1626117 -4.8810023 
4.2760251 1.6797027 0.6550980 1.1626117 -4.8810023 
4.2760251 1.6797027 0.6550980 1.1626117 -4.8810023 
4.2760251 1.6797027 0.6550980 1.1626117 -4.8810023 
4.2760251 1.6797027 0.6550980 1.1626117 -4.8810023 
4.2760251 1.6797027 0.6550980 1.1626117 -4.8810023 
4.2760251 1.6797027 0.6550980 1.1626117 -4.8810023 
3.2760251 1.6797027 0.6550980 0.1626117 -5.8810023 
3.2760251 1.6797027 0.6550980 0.1626117 -5.8810023 
3.2760251 1.6797027 0.6550980 0.1626117 -5.8810023 
3.2760251 1.6797027 0.6550980 0.1626117 -5.8810023 
3.2760251 1.6797027 0.6550980 0.1626117 -5.8810023 
3.2760251 1.6797027 0.6550980 0.1626117 -5.8810023 
4.2760251 2.6797027 1.6550980 1.1626117 -4.8810023 
4.2760251 2.6797027 1.6550980 1.1626117 -4.8810023 
4.2760251 2.6797027 1.6550980 1.1626117 -4.8810023 
4.2760251 2.6797027 1.6550980 1.1626117 -4.8810023 
4.2760251 2.6797027 1.6550980 1.1626117 -4.8810023 
4.2760251 2.6797027 1.6550980 1.1626117 -4.8810023 
4.2760251 2.6797027 1.6550980 1.1626117 -4.8810023 
4.2760251 2.6797027 1.6550980 1.1626117 -4.8810023 
4.2760251 1.6797027 0.6550980 0.1626117 -5.8810023 
4.2760251 1.6797027 0.6550980 0.1626117 -5.8810023 
4.2760251 1.6797027 0.6550980 0.1626117 -5.8810023 
4.2760251 1.6797027 0.6550980 0.1626117 -5.8810023 
4.2760251 1.6797027 0.6550980 0.1626117 -5.8810023 
3.2760251 0.6797027 0.6550980 0.1626117 -6.8810023 
3.2760251 0.6797027 0.6550980 0.1626117 -6.8810023 
3.2760251 0.6797027 0.6550980 0.1626117 -6.8810023 
4.2760251 1.6797027 1.6550980 1.1626117 -5.8810023 
4.2760251 1.6797027 1.6550980 1.1626117 -5.8810023 
4.2760251 1.6797027 1.6550980 1.1626117 -5.8810023 
4.2760251 1.6797027 1.6550980 1.1626117 -5.8810023 
4.2760251 1.6797027 1.6550980 1.1626117 -5.8810023 
4.2760251 1.6797027 1.6550980 1.1626117 -5.8810023 
4.2760251 1.6797027 1.6550980 1.1626117 -5.8810023 
4.2760251 1.6797027 1.6550980 1.1626117 -5.8810023 
4.2760251 1.6797027 1.6550980 1.1626117 -5.8810023 
4.2760251 1.6797027 1.6550980 1.1626117 -5.8810023 
4.2760251 1.6797027 1.6550980 1.1626117 -5.8810023 
3.2760251 1.6797027 0.6550980 1.1626117 -6.8810023 
3.2760251 1.6797027 0.6550980 1.1626117 -6.8810023 
3.2760251 1.6797027 0.6550980 1.1626117 -6.8810023 
3.2760251 1.6797027 0.6550980 1.1626117 -6.8810023 
3.2760251 1.6797027 0.6550980 1.1626117 -6.8810023 
4.2760251 2.6797027 1.6550980 2.1626117 -5.8810023 
4.2760251 2.6797027 1.6550980 2.1626117 -5.8810023 
4.2760251 2.6797027 1.6550980 2.1626117 -5.8810023 
4.2760251 2.6797027 1.6550980 2.1626117 -5.8810023 
4.2760251 2.6797027 1.6550980 2.1626117 -5.8810023 
4.2760251 2.6797027 1.6550980 2.1626117 -5.8810023 
4.2760251 2.6797027 1.6550980 2.1626117 -5.8810023 
4.2760251 2.6797027 1.6550980 2.1626117 -5.8810023 
4.2760251 1.6797027 0.6550980 1.1626117 -6.8810023 
4.2760251 1.6797027 0.6550980 1.1626117 -6.8810023 
4.2760251 1.6797027 0.6550980 1.1626117 -6.8810023 
4.2760251 1.6797027 0.6550980 1.1626117 -6.8810023 
4.2760251 1.6797027 0.6550980 1.1626117 -6.8810023 
4.2760251 1.6797027 0.6550980 1.1626117 -6.8810023 
3.2760251 0.6797027 0.6550980 0.1626117 -7.8810023 
3.2760251 0.6797027 0.6550980 0.1626117 -7.8810023 
4.2760251 1.6797027 1.6550980 1.1626117 -6.8810023 
4.2760251 1.6797027 1.6550980 1.1626117 -6.8810023 
4.2760251 1.6797027 1.6550980 1.1626117 -6.8810023 
4.2760251 1.6797027 1.6550980 1.1626117 -6.8810023 
4.2760251 1.6797027 1.6550980 1.1626117 -6.8810023 
4.2760251 1.6797027 1.6550980 1.1626117 -6.8810023 
4.2760251 1.6797027 1.6550980 1.1626117 -6.8810023 
4.2760251 1.6797027 1.6550980 1.1626117 -6.8810023 
4.2760251 1.6797027 1.6550980 1.1626117 -6.8810023 
4.2760251 1.6797027 1.6550980 1.1626117 -6.8810023 
4.2760251 1.6797027 1.6550980 1.1626117 -6.8810023 
4.2760251 1.6797027 1.6550980 1.1626117 -6.8810023 
3.2760251 1.6797027 0.6550980 0.1626117 -7.8810023 
3.2760251 1.6797027 0.6550980 0.1626117 -7.8810023 
3.2760251 1.6797027 0.6550980 0.1626117 -7.8810023 
3.2760251 1.6797027 0.6550980 0.1626117 -7.8810023 
4.2760251 2.6797027 1.6550980 1.1626117 -6.8810023 
4.2760251 2.6797027 1.6550980 1.1626117 -6.8810023 
4.2760251 2.6797027 1.6550980 1.1626117 -6.8810023 
4.2760251 2.6797027 1.6550980 1.1626117 -6.8810023 
4.2760251 2.6797027 1.6550980 1.1626117 -6.8810023 
4.2760251 2.6797027 1.6550980 1.1626117 -6.8810023 
4.2760251 2.6797027 1.6550980 1.1626117 -6.8810023 
4.2760251 2.6797027 1.6550980 1.1626117 -6.8810023 
4.2760251 2.6797027 1.6550980 1.1626117 -6.8810023 
4.2760251 2.6797027 1.6550980 1.1626117 -6.8810023 
4.2760251 2.6797027 1.6550980 1.1626117 -6.8810023 
4.2760251 2.6797027 1.6550980 1.1626117 -6.8810023 
3.2760251 2.6797027 0.6550980 0.1626117 -7.8810023 
3.2760251 2.6797027 0.6550980 0.1626117 -7.8810023 
3.2760251 2.6797027 0.6550980 0.1626117 -7.8810023 
3.2760251 2.6797027 0.6550980 0.1626117 -7.8810023 
4.2760251 3.6797027 1.6550980 1.1626117 -6.8810023 
4.2760251 3.6797027 1.6550980 1.1626117 -6.8810023 
4.2760251 3.6797027 1.6550980 1.1626117 -6.8810023 
4.2760251 3.6797027 1.6550980 1.1626117 -6.8810023 
4.2760251 3.6797027 1.6550980 1.1626117 -6.8810023 
4.2760251 3.6797027 1.6550980 1.1626117 -6.8810023 
4.2760251 3.6797027 1.6550980 1.1626117 -6.8810023 
4.2760251 3.6797027 1.6550980 1.1626117 -6.8810023 
4.2760251 3.6797027 1.6550980 1.1626117 -6.8810023 
4.2760251 3.6797027 1.6550980 1.1626117 -6.8810023 
4.2760251 3.6797027 1.6550980 1.1626117 -6.8810023 
4.2760251 3.6797027 1.6550980 1.1626117 -6.8810023 
3.2760251 3.6797027 0.6550980 0.1626117 -7.8810023 
3.2760251 3.6797027 0.6550980 0.1626117 -7.8810023 
3.2760251 3.6797027 0.6550980 0.1626117 -7.8810023 
3.2760251 3.6797027 0.6550980 0.1626117 -7.8810023 
4.2760251 4.6797027 1.6550980 1.1626117 -6.8810023 
4.2760251 4.6797027 1.6550980 1.1626117 -6.8810023 
4.2760251 4.6797027 1.6550980 1.1626117 -6.8810023 
4.2760251 4.6797027 1.6550980 1.1626117 -6.8810023 
4.2760251 4.6797027 1.6550980 1.1626117 -6.8810023 
4.2760251 4.6797027 1.6550980 1.1626117 -6.8810023 
4.2760251 4.6797027 1.6550980 1.1626117 -6.8810023 
4.2760251 4.6797027 1.6550980 1.1626117 -6.8810023 
4.2760251 3.6797027 0.6550980 0.1626117 -7.8810023 
4.2760251 3.6797027 0.6550980 0.1626117 -7.8810023 
4.2760251 3.6797027 0.6550980 0.1626117 -7.8810023 
4.2760251 3.6797027 0.6550980 0.1626117 -7.8810023 
4.2760251 3.6797027 0.6550980 0.1626117 -7.8810023 
3.2760251 2.6797027 0.6550980 0.1626117 -8.8810023 
3.2760251 2.6797027 0.6550980 0.1626117 -8.8810023 
3.2760251 2.6797027 0.6550980 0.1626117 -8.8810023 
4.2760251 3.6797027 1.6550980 1.1626117 -7.8810023 
4.2760251 3.6797027 1.6550980 1.1626117 -7.8810023 
4.2760251 3.6797027 1.6550980 1.1626117 -7.8810023 
4.2760251 3.6797027 1.6550980 1.1626117 -7.8810023 
4.2760251 3.6797027 1.6550980 1.1626117 -7.8810023 
4.2760251 3.6797027 1.6550980 1.1626117 -7.8810023 
4.2760251 3.6797027 1.6550980 1.1626117 -7.8810023 
4.2760251 3.6797027 1.6550980 1.1626117 -7.8810023 
4.2760251 3.6797027 1.6550980 1.1626117 -7.8810023 
4.2760251 3.6797027 1.6550980 1.1626117 -7.8810023 
4.2760251 3.6797027 1.6550980 1.1626117 -7.8810023 
4.2760251 3.6797027 1.6550980 1.1626117 -7.8810023 
4.2760251 3.6797027 1.6550980 1.1626117 -7.8810023 
3.2760251 2.6797027 1.6550980 1.1626117 -8.8810023 
3.2760251 2.6797027 1.6550980 1.1626117 -8.8810023 
3.2760251 2.6797027 1.6550980 1.1626117 -8.8810023 
4.2760251 3.6797027 2.6550980 2.1626117 -7.8810023 
4.2760251 3.6797027 2.6550980 2.1626117 -7.8810023 
4.2760251 3.6797027 2.6550980 2.1626117 -7.8810023 
4.2760251 3.6797027 2.6550980 2.1626117 -7.8810023 
4.2760251 3.6797027 2.6550980 2.1626117 -7.8810023 
4.2760251 3.6797027 2.6550980 2.1626117 -7.8810023 
4.2760251 3.6797027 2.6550980 2.1626117 -7.8810023 
4.2760251 3.6797027 2.6550980 2.1626117 -7.8810023 
4.2760251 2.6797027 1.6550980 1.1626117 -8.8810023 
4.2760251 2.6797027 1.6550980 1.1626117 -8.8810023 
4.2760251 2.6797027 1.6550980 1.1626117 -8.8810023 
4.2760251 2.6797027 1.6550980 1.1626117 -8.8810023 
4.2760251 2.6797027 1.6550980 1.1626117 -8.8810023 
4.2760251 2.6797027 1.6550980 1.1626117 -8.8810023 
4.2760251 2.6797027 1.6550980 1.1626117 -8.8810023 
4.2760251 2.6797027 1.6550980 1.1626117 -8.8810023 
4.2760251 2.6797027 1.6550980 1.1626117 -8.8810023 
4.2760251 2.6797027 1.6550980 1.1626117 -8.8810023 
4.2760251 2.6797027 1.6550980 1.1626117 -8.8810023 
4.2760251 2.6797027 1.6550980 1.1626117 -8.8810023 
4.2760251 2.6797027 1.6550980 1.1626117 -8.8810023 
4.2760251 2.6797027 1.6550980 1.1626117 -8.8810023 
4.2760251 2.6797027 1.6550980 1.1626117 -8.8810023 
4.2760251 2.6797027 1.6550980 1.1626117 -8.8810023 
4.2760251 2.6797027 1.6550980 1.1626117 -8.8810023 
