12.9513
7.0076
3.9142
2.6606
2.1386
1.7009
1.3436
1.1931
1.0911
0.9982
0.9167
0.8464
0.7861
0.7342
0.6894
0.6504
0.6297
0.6157
0.6007
0.5850
0.5688
0.5525
0.5361
0.5198
0.5037
0.4879
0.4724
0.4572
0.4425
0.4280
0.4140
0.4005
0.3873
0.3745
0.3621
0.3501
0.3384
0.3272
0.3163
0.3058
0.2956
0.2857
0.2762
0.2670
0.2581
0.2495
0.2412
0.2331
0.2253
0.2178
0.2105
0.2035
0.1967
0.1901
0.1838
0.1777
0.1717
0.1660
0.1605
0.1551
0.1499
0.1449
0.1401
0.1354
0.1309
0.1265
0.1223
0.1182
0.1142
0.1104
0.1067
0.1032
0.0997
0.0964
0.0932
0.0901
0.0871
0.0842
0.0813
0.0786
0.0760
0.0735
0.0710
0.0686
0.0664
0.0641
0.0620
0.0599
0.0579
0.0560
0.0541
0.0523
0.0506
0.0489
0.0472
0.0457
0.0441
0.0427
0.0412
0.0399
0.0385
0.0372
0.0360
0.0348
0.0336
0.0325
0.0314
0.0304
0.0294
0.0284
0.0274
0.0265
0.0256
0.0248
0.0240
0.0232
0.0224
0.0216
0.0209
0.0202
0.0195
0.0189
0.0183
0.0176
0.0171
0.0165
0.0159
0.0154
0.0149
0.0144
0.0139
0.0134
0.0130
0.0126
0.0121
0.0117
0.0113
0.0110
0.0106
0.0102
0.0099
0.0096
0.0093
0.0089
0.0086
0.0084
0.0081
0.0078
0.0075
0.0073
0.0071
0.0068
0.0066
0.0064
0.0062
0.0060
0.0058
0.0056
0.0054
0.0052
0.0050
0.0049
0.0047
0.0045
0.0044
0.0042
0.0041
0.0040
0.0038
0.0037
0.0036
0.0035
0.0033
0.0032
0.0031
0.0030
0.0029
0.0028
0.0027
0.0026
0.0025
0.0025
0.0024
0.0023
0.0022
0.0021
0.0021
0.0020
0.0019
0.0019
0.0018
0.0018
0.0017
0.0016
0.0016
0.0015
0.0015
0.0014
0.0014
0.0013
0.0013
0.0012
0.0012
0.0012
0.0011
0.0011
0.0011
0.0010
0.0010
0.0010
0.0009
0.0009
0.0009
0.0008
0.0008
0.0008
0.0007
0.0007
0.0007
0.0007
0.0007
0.0006
0.0006
0.0006
0.0006
0.0006
0.0005
0.0005
0.0005
0.0005
0.0005
0.0005
0.0004
0.0004
0.0004
0.0004
0.0004
0.0004
0.0004
0.0003
0.0003
0.0003
0.0003
0.0003
0.0003
0.0003
0.0003
0.0003
0.0003
0.0002
0.0002
0.0002
0.0002
0.0002
0.0002
0.0002
0.0002
0.0002
0.0002
0.0002
0.0002
0.0002
0.0002
0.0002
0.0001
0.0001
0.0001
0.0001
0.0001
0.0001
0.0001
0.0001
0.0001
0.0001
0.0001
0.0001
0.0001
