0.2760 0.6797 0.6551 0.1626 0.1190 0.4984 
2.3535 1.7105 1.6859 1.1934 2.0917 3.6067 
3.6584 2.0875 2.0629 1.5704 3.0005 5.2885 
4.5186 2.1667 2.1421 1.6496 3.3820 6.2279 
5.1117 2.1212 2.0966 1.6041 3.5057 6.7755 
5.5367 2.0330 2.0084 1.5159 3.5064 7.1123 
5.8508 1.9389 1.9143 1.4218 3.4508 7.3323 
6.0886 1.8542 1.8296 1.3372 3.3719 7.4855 
6.2719 1.7840 1.7594 1.2669 3.2852 7.5985 
6.4152 1.7285 1.7039 1.2114 3.1982 7.6863 
6.5284 1.6862 1.6616 1.1691 3.1139 7.7572 
6.6187 1.6552 1.6306 1.1381 3.0335 7.8165 
6.6913 1.6333 1.6087 1.1162 2.9573 7.8672 
6.7502 1.6187 1.5941 1.1016 2.8851 7.9115 
6.7984 1.6098 1.5852 1.0927 2.8167 7.9509 
6.8382 1.6054 1.5808 1.0883 2.7516 7.9862 
6.8714 1.6044 1.5798 1.0873 2.6896 8.0184 
6.8992 1.6060 1.5814 1.0889 2.6305 8.0479 
6.9230 1.6096 1.5850 1.0926 2.5739 8.0752 
6.9434 1.6147 1.5901 1.0976 2.5196 8.1007 
6.9611 1.6209 1.5963 1.1038 2.4676 8.1246 
6.9767 1.6279 1.6032 1.1108 2.4175 8.1472 
6.9906 1.6353 1.6107 1.1182 2.3694 8.1685 
7.0030 1.6432 1.6185 1.1261 2.3230 8.1888 
7.0143 1.6512 1.6266 1.1341 2.2783 8.2081 
7.0247 1.6593 1.6347 1.1422 2.2352 8.2266 
7.0342 1.6675 1.6429 1.1504 2.1937 8.2443 
7.0431 1.6756 1.6510 1.1585 2.1536 8.2613 
7.0514 1.6836 1.6590 1.1665 2.1149 8.2776 
7.0592 1.6915 1.6669 1.1744 2.0775 8.2933 
7.0665 1.6992 1.6746 1.1821 2.0414 8.3084 
7.0735 1.7067 1.6821 1.1896 2.0065 8.3229 
7.0802 1.7141 1.6895 1.1970 1.9729 8.3369 
7.0865 1.7213 1.6967 1.2042 1.9403 8.3504 
7.0926 1.7282 1.7036 1.2112 1.9089 8.3635 
7.0984 1.7350 1.7104 1.2179 1.8785 8.3761 
7.1040 1.7416 1.7170 1.2245 1.8491 8.3882 
7.1094 1.7479 1.7233 1.2309 1.8208 8.4000 
7.1145 1.7541 1.7295 1.2370 1.7933 8.4113 
7.1195 1.7601 1.7355 1.2430 1.7668 8.4222 
7.1243 1.7659 1.7413 1.2488 1.7412 8.4328 
7.1289 1.7715 1.7469 1.2544 1.7164 8.4430 
7.1334 1.7769 1.7523 1.2598 1.6925 8.4529 
7.1377 1.7821 1.7575 1.2651 1.6694 8.4625 
7.1418 1.7872 1.7626 1.2701 1.6470 8.4717 
7.1459 1.7921 1.7675 1.2750 1.6254 8.4806 
7.1497 1.7969 1.7723 1.2798 1.6045 8.4892 
7.1535 1.8015 1.7768 1.2844 1.5843 8.4976 
7.1571 1.8059 1.7813 1.2888 1.5648 8.5056 
7.1606 1.8102 1.7856 1.2931 1.5460 8.5134 
7.1639 1.8143 1.7897 1.2972 1.5277 8.5209 
7.1672 1.8183 1.7937 1.3012 1.5101 8.5282 
7.1704 1.8222 1.7976 1.3051 1.4931 8.5352 
7.1734 1.8259 1.8013 1.3089 1.4766 8.5420 
7.1763 1.8296 1.8050 1.3125 1.4607 8.5486 
7.1792 1.8331 1.8085 1.3160 1.4453 8.5549 
7.1819 1.8365 1.8118 1.3194 1.4304 8.5610 
7.1846 1.8397 1.8151 1.3226 1.4161 8.5670 
7.1872 1.8429 1.8183 1.3258 1.4022 8.5727 
7.1896 1.8459 1.8213 1.3288 1.3887 8.5782 
7.1920 1.8489 1.8243 1.3318 1.3758 8.5836 
7.1944 1.8517 1.8271 1.3347 1.3632 8.5887 
7.1966 1.8545 1.8299 1.3374 1.3511 8.5937 
7.1988 1.8572 1.8326 1.3401 1.3394 8.5986 
7.2009 1.8598 1.8351 1.3427 1.3280 8.6033 
7.2029 1.8622 1.8376 1.3452 1.3171 8.6078 
7.2048 1.8647 1.8400 1.3476 1.3065 8.6121 
7.2067 1.8670 1.8424 1.3499 1.2963 8.6164 
7.2086 1.8692 1.8446 1.3521 1.2864 8.6204 
7.2103 1.8714 1.8468 1.3543 1.2768 8.6244 
7.2120 1.8735 1.8489 1.3564 1.2676 8.6282 
7.2137 1.8755 1.8509 1.3585 1.2586 8.6319 
7.2153 1.8775 1.8529 1.3604 1.2500 8.6354 
7.2168 1.8794 1.8548 1.3623 1.2416 8.6389 
7.2183 1.8812 1.8566 1.3642 1.2336 8.6422 
7.2198 1.8830 1.8584 1.3659 1.2258 8.6454 
7.2212 1.8847 1.8601 1.3676 1.2182 8.6485 
7.2225 1.8864 1.8618 1.3693 1.2109 8.6515 
7.2238 1.8880 1.8634 1.3709 1.2039 8.6544 
7.2251 1.8895 1.8649 1.3725 1.1971 8.6572 
7.2263 1.8910 1.8664 1.3740 1.1905 8.6600 
7.2275 1.8925 1.8679 1.3754 1.1841 8.6626 
7.2286 1.8939 1.8693 1.3768 1.1780 8.6651 
7.2297 1.8952 1.8706 1.3782 1.1721 8.6676 
7.2308 1.8966 1.8719 1.3795 1.1663 8.6699 
7.2318 1.8978 1.8732 1.3807 1.1608 8.6722 
7.2328 1.8990 1.8744 1.3819 1.1554 8.6744 
7.2337 1.9002 1.8756 1.3831 1.1502 8.6766 
7.2347 1.9014 1.8768 1.3843 1.1452 8.6787 
7.2356 1.9025 1.8779 1.3854 1.1403 8.6807 
7.2364 1.9035 1.8789 1.3864 1.1356 8.6826 
7.2373 1.9046 1.8800 1.3875 1.1311 8.6845 
7.2381 1.9056 1.8809 1.3885 1.1267 8.6863 
7.2388 1.9065 1.8819 1.3894 1.1225 8.6880 
7.2396 1.9074 1.8828 1.3904 1.1184 8.6897 
7.2403 1.9083 1.8837 1.3913 1.1145 8.6913 
7.2410 1.9092 1.8846 1.3921 1.1106 8.6929 
7.2417 1.9101 1.8855 1.3930 1.1069 8.6944 
7.2424 1.9109 1.8863 1.3938 1.1034 8.6959 
7.2430 1.9117 1.8871 1.3946 1.0999 8.6973 
7.2436 1.9124 1.8878 1.3953 1.0966 8.6987 
7.2442 1.9131 1.8885 1.3961 1.0934 8.7000 
7.2448 1.9139 1.8893 1.3968 1.0902 8.7013 
7.2454 1.9145 1.8899 1.3975 1.0872 8.7025 
7.2459 1.9152 1.8906 1.3981 1.0843 8.7037 
7.2464 1.9158 1.8912 1.3988 1.0815 8.7049 
7.2469 1.9165 1.8919 1.3994 1.0788 8.7060 
7.2474 1.9171 1.8925 1.4000 1.0761 8.7071 
7.2479 1.9176 1.8930 1.4006 1.0736 8.7082 
7.2483 1.9182 1.8936 1.4011 1.0711 8.7092 
7.2488 1.9187 1.8941 1.4017 1.0688 8.7102 
7.2492 1.9193 1.8947 1.4022 1.0665 8.7111 
7.2496 1.9198 1.8952 1.4027 1.0643 8.7120 
7.2500 1.9203 1.8957 1.4032 1.0621 8.7129 
7.2504 1.9207 1.8961 1.4036 1.0600 8.7138 
7.2508 1.9212 1.8966 1.4041 1.0580 8.7146 
7.2511 1.9216 1.8970 1.4045 1.0561 8.7154 
7.2515 1.9221 1.8975 1.4050 1.0542 8.7162 
7.2518 1.9225 1.8979 1.4054 1.0524 8.7169 
7.2521 1.9229 1.8983 1.4058 1.0507 8.7176 
7.2524 1.9233 1.8986 1.4062 1.0490 8.7183 
7.2527 1.9236 1.8990 1.4065 1.0473 8.7190 
7.2530 1.9240 1.8994 1.4069 1.0458 8.7196 
7.2533 1.9243 1.8997 1.4072 1.0442 8.7203 
7.2536 1.9247 1.9001 1.4076 1.0427 8.7209 
7.2538 1.9250 1.9004 1.4079 1.0413 8.7215 
7.2541 1.9253 1.9007 1.4082 1.0399 8.7220 
7.2544 1.9256 1.9010 1.4085 1.0386 8.7226 
7.2546 1.9259 1.9013 1.4088 1.0373 8.7231 
7.2548 1.9262 1.9016 1.4091 1.0361 8.7236 
7.2550 1.9265 1.9019 1.4094 1.0349 8.7241 
7.2553 1.9267 1.9021 1.4096 1.0337 8.7246 
7.2555 1.9270 1.9024 1.4099 1.0326 8.7251 
7.2557 1.9272 1.9026 1.4101 1.0315 8.7255 
7.2559 1.9275 1.9029 1.4104 1.0304 8.7260 
7.2560 1.9277 1.9031 1.4106 1.0294 8.7264 
7.2562 1.9279 1.9033 1.4108 1.0284 8.7268 
7.2564 1.9281 1.9035 1.4110 1.0275 8.7272 
7.2566 1.9283 1.9037 1.4113 1.0266 8.7276 
7.2567 1.9285 1.9039 1.4115 1.0257 8.7279 
7.2569 1.9287 1.9041 1.4117 1.0248 8.7283 
7.2571 1.9289 1.9043 1.4118 1.0240 8.7286 
7.2572 1.9291 1.9045 1.4120 1.0232 8.7290 
7.2573 1.9293 1.9047 1.4122 1.0224 8.7293 
7.2575 1.9295 1.9049 1.4124 1.0217 8.7296 
7.2576 1.9296 1.9050 1.4125 1.0209 8.7299 
7.2577 1.9298 1.9052 1.4127 1.0202 8.7302 
7.2579 1.9299 1.9053 1.4128 1.0196 8.7304 
7.2580 1.9301 1.9055 1.4130 1.0189 8.7307 
7.2581 1.9302 1.9056 1.4131 1.0183 8.7310 
7.2582 1.9304 1.9058 1.4133 1.0177 8.7312 
7.2583 1.9305 1.9059 1.4134 1.0171 8.7315 
7.2584 1.9306 1.9060 1.4135 1.0165 8.7317 
7.2585 1.9308 1.9062 1.4137 1.0160 8.7319 
7.2586 1.9309 1.9063 1.4138 1.0154 8.7322 
7.2587 1.9310 1.9064 1.4139 1.0149 8.7324 
7.2588 1.9311 1.9065 1.4140 1.0144 8.7326 
7.2589 1.9312 1.9066 1.4141 1.0139 8.7328 
7.2590 1.9313 1.9067 1.4142 1.0135 8.7330 
7.2591 1.9314 1.9068 1.4143 1.0130 8.7331 
7.2592 1.9315 1.9069 1.4144 1.0126 8.7333 
7.2592 1.9316 1.9070 1.4145 1.0122 8.7335 
7.2593 1.9317 1.9071 1.4146 1.0118 8.7337 
7.2594 1.9318 1.9072 1.4147 1.0114 8.7338 
7.2595 1.9319 1.9073 1.4148 1.0110 8.7340 
7.2595 1.9320 1.9074 1.4149 1.0106 8.7341 
7.2596 1.9321 1.9075 1.4150 1.0103 8.7343 
7.2597 1.9321 1.9075 1.4150 1.0099 8.7344 
7.2597 1.9322 1.9076 1.4151 1.0096 8.7346 
7.2598 1.9323 1.9077 1.4152 1.0093 8.7347 
7.2598 1.9324 1.9077 1.4153 1.0090 8.7348 
7.2599 1.9324 1.9078 1.4153 1.0087 8.7349 
7.2599 1.9325 1.9079 1.4154 1.0084 8.7351 
7.2600 1.9326 1.9079 1.4155 1.0081 8.7352 
7.2600 1.9326 1.9080 1.4155 1.0078 8.7353 
7.2601 1.9327 1.9081 1.4156 1.0076 8.7354 
7.2601 1.9327 1.9081 1.4156 1.0073 8.7355 
7.2602 1.9328 1.9082 1.4157 1.0071 8.7356 
7.2602 1.9328 1.9082 1.4157 1.0068 8.7357 
7.2603 1.9329 1.9083 1.4158 1.0066 8.7358 
7.2603 1.9329 1.9083 1.4159 1.0064 8.7359 
7.2603 1.9330 1.9084 1.4159 1.0062 8.7360 
7.2604 1.9330 1.9084 1.4159 1.0060 8.7361 
7.2604 1.9331 1.9085 1.4160 1.0058 8.7361 
7.2605 1.9331 1.9085 1.4160 1.0056 8.7362 
7.2605 1.9332 1.9086 1.4161 1.0054 8.7363 
7.2605 1.9332 1.9086 1.4161 1.0052 8.7364 
7.2606 1.9332 1.9086 1.4162 1.0050 8.7364 
7.2606 1.9333 1.9087 1.4162 1.0049 8.7365 
7.2606 1.9333 1.9087 1.4162 1.0047 8.7366 
7.2606 1.9334 1.9088 1.4163 1.0045 8.7366 
7.2607 1.9334 1.9088 1.4163 1.0044 8.7367 
7.2607 1.9334 1.9088 1.4163 1.0042 8.7368 
7.2607 1.9335 1.9089 1.4164 1.0041 8.7368 
7.2608 1.9335 1.9089 1.4164 1.0040 8.7369 
7.2608 1.9335 1.9089 1.4164 1.0038 8.7369 
7.2608 1.9336 1.9089 1.4165 1.0037 8.7370 
7.2608 1.9336 1.9090 1.4165 1.0036 8.7370 
7.2608 1.9336 1.9090 1.4165 1.0035 8.7371 
7.2609 1.9336 1.9090 1.4165 1.0033 8.7371 
7.2609 1.9337 1.9091 1.4166 1.0032 8.7372 
7.2609 1.9337 1.9091 1.4166 1.0031 8.7372 
7.2609 1.9337 1.9091 1.4166 1.0030 8.7373 
7.2609 1.9337 1.9091 1.4166 1.0029 8.7373 
7.2610 1.9338 1.9091 1.4167 1.0028 8.7374 
7.2610 1.9338 1.9092 1.4167 1.0027 8.7374 
7.2610 1.9338 1.9092 1.4167 1.0026 8.7374 
7.2610 1.9338 1.9092 1.4167 1.0026 8.7375 
7.2610 1.9338 1.9092 1.4167 1.0025 8.7375 
7.2610 1.9339 1.9092 1.4168 1.0024 8.7375 
7.2611 1.9339 1.9093 1.4168 1.0023 8.7376 
7.2611 1.9339 1.9093 1.4168 1.0022 8.7376 
7.2611 1.9339 1.9093 1.4168 1.0022 8.7376 
7.2611 1.9339 1.9093 1.4168 1.0021 8.7377 
7.2611 1.9339 1.9093 1.4168 1.0020 8.7377 
7.2611 1.9340 1.9093 1.4169 1.0019 8.7377 
7.2611 1.9340 1.9094 1.4169 1.0019 8.7377 
7.2611 1.9340 1.9094 1.4169 1.0018 8.7378 
7.2612 1.9340 1.9094 1.4169 1.0018 8.7378 
7.2612 1.9340 1.9094 1.4169 1.0017 8.7378 
7.2612 1.9340 1.9094 1.4169 1.0016 8.7378 
7.2612 1.9340 1.9094 1.4169 1.0016 8.7379 
7.2612 1.9340 1.9094 1.4170 1.0015 8.7379 
7.2612 1.9341 1.9095 1.4170 1.0015 8.7379 
7.2612 1.9341 1.9095 1.4170 1.0014 8.7379 
7.2612 1.9341 1.9095 1.4170 1.0014 8.7379 
7.2612 1.9341 1.9095 1.4170 1.0013 8.7380 
7.2612 1.9341 1.9095 1.4170 1.0013 8.7380 
7.2613 1.9341 1.9095 1.4170 1.0012 8.7380 
7.2613 1.9341 1.9095 1.4170 1.0012 8.7380 
7.2613 1.9341 1.9095 1.4170 1.0012 8.7380 
7.2613 1.9341 1.9095 1.4170 1.0011 8.7380 
7.2613 1.9341 1.9095 1.4171 1.0011 8.7381 
7.2613 1.9342 1.9095 1.4171 1.0011 8.7381 
7.2613 1.9342 1.9096 1.4171 1.0010 8.7381 
7.2613 1.9342 1.9096 1.4171 1.0010 8.7381 
7.2613 1.9342 1.9096 1.4171 1.0010 8.7381 
7.2613 1.9342 1.9096 1.4171 1.0009 8.7381 
7.2613 1.9342 1.9096 1.4171 1.0009 8.7381 
7.2613 1.9342 1.9096 1.4171 1.0009 8.7382 
7.2613 1.9342 1.9096 1.4171 1.0008 8.7382 
7.2613 1.9342 1.9096 1.4171 1.0008 8.7382 
7.2613 1.9342 1.9096 1.4171 1.0008 8.7382 
7.2613 1.9342 1.9096 1.4171 1.0008 8.7382 
7.2614 1.9342 1.9096 1.4171 1.0007 8.7382 
7.2614 1.9342 1.9096 1.4171 1.0007 8.7382 
7.2614 1.9342 1.9096 1.4171 1.0007 8.7382 
7.2614 1.9342 1.9096 1.4172 1.0007 8.7382 
7.2614 1.9342 1.9096 1.4172 1.0006 8.7383 
7.2614 1.9343 1.9096 1.4172 1.0006 8.7383 
7.2614 1.9343 1.9097 1.4172 1.0006 8.7383 
7.2614 1.9343 1.9097 1.4172 1.0006 8.7383 
7.2614 1.9343 1.9097 1.4172 1.0006 8.7383 
7.2614 1.9343 1.9097 1.4172 1.0005 8.7383 
7.2614 1.9343 1.9097 1.4172 1.0005 8.7383 
7.2614 1.9343 1.9097 1.4172 1.0005 8.7383 
7.2614 1.9343 1.9097 1.4172 1.0005 8.7383 
7.2614 1.9343 1.9097 1.4172 1.0005 8.7383 
7.2614 1.9343 1.9097 1.4172 1.0005 8.7383 
7.2614 1.9343 1.9097 1.4172 1.0004 8.7383 
7.2614 1.9343 1.9097 1.4172 1.0004 8.7383 
7.2614 1.9343 1.9097 1.4172 1.0004 8.7383 
7.2614 1.9343 1.9097 1.4172 1.0004 8.7384 
7.2614 1.9343 1.9097 1.4172 1.0004 8.7384 
7.2614 1.9343 1.9097 1.4172 1.0004 8.7384 
7.2614 1.9343 1.9097 1.4172 1.0004 8.7384 
7.2614 1.9343 1.9097 1.4172 1.0003 8.7384 
7.2614 1.9343 1.9097 1.4172 1.0003 8.7384 
7.2614 1.9343 1.9097 1.4172 1.0003 8.7384 
7.2614 1.9343 1.9097 1.4172 1.0003 8.7384 
7.2614 1.9343 1.9097 1.4172 1.0003 8.7384 
7.2614 1.9343 1.9097 1.4172 1.0003 8.7384 
7.2614 1.9343 1.9097 1.4172 1.0003 8.7384 
7.2614 1.9343 1.9097 1.4172 1.0003 8.7384 
7.2614 1.9343 1.9097 1.4172 1.0003 8.7384 
7.2614 1.9343 1.9097 1.4172 1.0003 8.7384 
7.2614 1.9343 1.9097 1.4172 1.0002 8.7384 
7.2614 1.9343 1.9097 1.4172 1.0002 8.7384 
